 

[-0.7366942763328552, -0.14764565229415894, -0.023393206298351288, 0.8647816777229309, -3.054539203643799, -1.5592914819717407, 2.9264519214630127]
 ,[-0.4210777282714844, -0.14726215600967407, -0.02377670258283615, 0.8647816777229309, -3.052621841430664, -1.5581409931182861, 2.9260683059692383]
,[-0.17180584371089935, -0.14764565229415894, -0.02262621745467186, 0.8651651740074158, -3.0549228191375732, -1.5581409931182861, 2.9260683059692383]
,[0.04103398695588112, -0.1480291485786438, -0.02377670258283615, 0.8651651740074158, -3.053772211074829, -1.5581409931182861, 2.925684928894043]
,[0.26921361684799194, -0.1480291485786438, -0.023393206298351288, 0.8651651740074158, -3.0541558265686035, -1.5581409931182861, 2.9264519214630127]
,[0.5008447170257568, -0.1480291485786438, -0.02262621745467186, 0.8651651740074158, -3.0541558265686035, -1.558524489402771, 2.925684928894043]
,[0.7117670774459839, -0.14726215600967407, -0.023393206298351288, 0.8651651740074158, -3.0518548488616943, -1.5581409931182861, 2.926835298538208]
,[0.9794467091560364, -0.1480291485786438, -0.022242721170186996, 0.8655486702919006, -3.0549228191375732, -1.558524489402771, 2.9260683059692383]
,[1.2356215715408325, -0.1480291485786438, -0.02262621745467186, 0.8651651740074158, -3.0549228191375732, -1.558524489402771, 2.9260683059692383]
,[1.5194079875946045, -0.14726215600967407, -0.02262621745467186, 0.8655486702919006, -3.053388833999634, -1.5589079856872559, 2.925684928894043]
